17600000	17600000	2.0
17600000	17605000	1.0
17605000	17610000	1.0
17610000	17610000	3.0
17600000	17615000	2.0
17605000	17615000	2.0
17610000	17615000	2.0
17615000	17615000	1.0
17600000	17620000	1.0
17605000	17620000	3.0
17610000	17620000	2.0
17615000	17620000	8.0
17620000	17620000	3.0
17610000	17625000	1.0
17615000	17625000	1.0
17620000	17625000	2.0
17625000	17625000	3.0
17610000	17630000	1.0
17615000	17630000	3.0
17625000	17630000	1.0
17620000	17635000	1.0
17625000	17635000	1.0
17630000	17635000	8.0
17635000	17635000	4.0
17610000	17640000	1.0
17615000	17640000	1.0
17625000	17640000	1.0
17630000	17640000	1.0
17635000	17640000	3.0
17640000	17640000	2.0
17620000	17645000	1.0
17625000	17645000	1.0
17630000	17645000	1.0
17635000	17645000	5.0
17640000	17645000	4.0
17645000	17645000	5.0
17625000	17650000	1.0
17635000	17650000	4.0
17640000	17650000	4.0
17645000	17650000	5.0
17650000	17650000	3.0
17620000	17655000	2.0
17625000	17655000	1.0
17630000	17655000	2.0
17645000	17655000	3.0
17650000	17655000	7.0
17655000	17655000	3.0
17615000	17660000	1.0
17625000	17660000	1.0
17640000	17660000	1.0
17645000	17660000	3.0
17650000	17660000	2.0
17655000	17660000	2.0
17660000	17660000	1.0
17600000	17665000	1.0
17610000	17665000	1.0
17615000	17665000	1.0
17620000	17665000	1.0
17625000	17665000	1.0
17630000	17665000	1.0
17635000	17665000	4.0
17640000	17665000	4.0
17645000	17665000	4.0
17650000	17665000	3.0
17655000	17665000	9.0
17660000	17665000	5.0
17665000	17665000	11.0
17600000	17670000	2.0
17605000	17670000	5.0
17610000	17670000	7.0
17615000	17670000	9.0
17620000	17670000	19.0
17625000	17670000	10.0
17630000	17670000	6.0
17635000	17670000	18.0
17640000	17670000	19.0
17645000	17670000	32.0
17650000	17670000	32.0
17655000	17670000	15.0
17660000	17670000	23.0
17665000	17670000	101.0
17670000	17670000	314.0
17610000	17675000	2.0
17615000	17675000	1.0
17620000	17675000	3.0
17625000	17675000	2.0
17630000	17675000	4.0
17635000	17675000	2.0
17640000	17675000	4.0
17645000	17675000	7.0
17650000	17675000	3.0
17655000	17675000	6.0
17660000	17675000	2.0
17665000	17675000	8.0
17670000	17675000	274.0
17675000	17675000	118.0
17625000	17680000	1.0
17635000	17680000	2.0
17645000	17680000	2.0
17650000	17680000	1.0
17660000	17680000	2.0
17665000	17680000	3.0
17670000	17680000	62.0
17675000	17680000	61.0
17680000	17680000	7.0
17600000	17685000	1.0
17605000	17685000	1.0
17630000	17685000	1.0
17635000	17685000	1.0
17640000	17685000	2.0
17645000	17685000	2.0
17650000	17685000	1.0
17655000	17685000	3.0
17665000	17685000	5.0
17670000	17685000	54.0
17675000	17685000	42.0
17680000	17685000	11.0
17685000	17685000	20.0
17600000	17690000	2.0
17605000	17690000	1.0
17620000	17690000	2.0
17630000	17690000	1.0
17635000	17690000	1.0
17640000	17690000	1.0
17645000	17690000	3.0
17650000	17690000	1.0
17655000	17690000	1.0
17660000	17690000	1.0
17665000	17690000	5.0
17670000	17690000	50.0
17675000	17690000	45.0
17680000	17690000	20.0
17685000	17690000	20.0
17690000	17690000	31.0
17620000	17695000	3.0
17630000	17695000	1.0
17635000	17695000	1.0
17645000	17695000	2.0
17650000	17695000	1.0
17660000	17695000	2.0
17665000	17695000	2.0
17670000	17695000	38.0
17675000	17695000	33.0
17680000	17695000	9.0
17685000	17695000	14.0
17690000	17695000	21.0
17695000	17695000	6.0
17600000	17700000	3.0
17605000	17700000	4.0
17610000	17700000	4.0
17615000	17700000	5.0
17620000	17700000	12.0
17625000	17700000	4.0
17630000	17700000	2.0
17635000	17700000	16.0
17640000	17700000	8.0
17645000	17700000	22.0
17650000	17700000	11.0
17655000	17700000	4.0
17660000	17700000	4.0
17665000	17700000	23.0
17670000	17700000	149.0
17675000	17700000	115.0
17680000	17700000	28.0
17685000	17700000	50.0
17690000	17700000	56.0
17695000	17700000	104.0
17700000	17700000	244.0
17600000	17705000	2.0
17605000	17705000	1.0
17610000	17705000	10.0
17615000	17705000	4.0
17620000	17705000	17.0
17625000	17705000	10.0
17630000	17705000	12.0
17635000	17705000	9.0
17640000	17705000	13.0
17645000	17705000	15.0
17650000	17705000	9.0
17655000	17705000	9.0
17660000	17705000	8.0
17665000	17705000	21.0
17670000	17705000	238.0
17675000	17705000	110.0
17680000	17705000	24.0
17685000	17705000	58.0
17690000	17705000	52.0
17695000	17705000	52.0
17700000	17705000	376.0
17705000	17705000	404.0
17600000	17710000	1.0
17610000	17710000	2.0
17615000	17710000	1.0
17620000	17710000	3.0
17625000	17710000	3.0
17635000	17710000	2.0
17640000	17710000	6.0
17645000	17710000	3.0
17650000	17710000	2.0
17660000	17710000	1.0
17665000	17710000	5.0
17670000	17710000	75.0
17675000	17710000	36.0
17680000	17710000	4.0
17685000	17710000	10.0
17690000	17710000	21.0
17695000	17710000	12.0
17700000	17710000	87.0
17705000	17710000	253.0
17710000	17710000	112.0
17610000	17715000	4.0
17615000	17715000	2.0
17620000	17715000	5.0
17625000	17715000	3.0
17630000	17715000	1.0
17635000	17715000	3.0
17640000	17715000	5.0
17645000	17715000	5.0
17650000	17715000	2.0
17655000	17715000	3.0
17660000	17715000	2.0
17665000	17715000	4.0
17670000	17715000	75.0
17675000	17715000	46.0
17680000	17715000	5.0
17685000	17715000	4.0
17690000	17715000	13.0
17695000	17715000	15.0
17700000	17715000	68.0
17705000	17715000	133.0
17710000	17715000	107.0
17715000	17715000	74.0
17605000	17720000	4.0
17610000	17720000	3.0
17615000	17720000	1.0
17620000	17720000	1.0
17625000	17720000	3.0
17630000	17720000	2.0
17635000	17720000	3.0
17640000	17720000	3.0
17645000	17720000	7.0
17650000	17720000	4.0
17655000	17720000	3.0
17660000	17720000	10.0
17665000	17720000	8.0
17670000	17720000	89.0
17675000	17720000	36.0
17680000	17720000	7.0
17685000	17720000	14.0
17690000	17720000	14.0
17695000	17720000	15.0
17700000	17720000	68.0
17705000	17720000	119.0
17710000	17720000	69.0
17715000	17720000	104.0
17720000	17720000	64.0
17615000	17725000	3.0
17620000	17725000	2.0
17630000	17725000	1.0
17645000	17725000	1.0
17650000	17725000	2.0
17655000	17725000	2.0
17665000	17725000	1.0
17670000	17725000	23.0
17675000	17725000	12.0
17680000	17725000	2.0
17685000	17725000	2.0
17690000	17725000	5.0
17695000	17725000	1.0
17700000	17725000	19.0
17705000	17725000	31.0
17710000	17725000	13.0
17715000	17725000	15.0
17720000	17725000	58.0
17725000	17725000	15.0
17645000	17730000	1.0
17660000	17730000	1.0
17670000	17730000	10.0
17675000	17730000	5.0
17680000	17730000	2.0
17685000	17730000	2.0
17690000	17730000	1.0
17700000	17730000	13.0
17705000	17730000	15.0
17710000	17730000	5.0
17715000	17730000	4.0
17720000	17730000	16.0
17725000	17730000	9.0
17730000	17730000	4.0
17610000	17735000	4.0
17615000	17735000	1.0
17620000	17735000	2.0
17630000	17735000	1.0
17635000	17735000	2.0
17640000	17735000	2.0
17645000	17735000	2.0
17650000	17735000	1.0
17655000	17735000	1.0
17660000	17735000	1.0
17665000	17735000	4.0
17670000	17735000	15.0
17675000	17735000	8.0
17680000	17735000	2.0
17690000	17735000	2.0
17700000	17735000	14.0
17705000	17735000	14.0
17710000	17735000	11.0
17715000	17735000	5.0
17720000	17735000	24.0
17725000	17735000	5.0
17730000	17735000	15.0
17735000	17735000	5.0
17610000	17740000	4.0
17615000	17740000	4.0
17620000	17740000	6.0
17625000	17740000	2.0
17630000	17740000	2.0
17635000	17740000	4.0
17640000	17740000	3.0
17645000	17740000	6.0
17650000	17740000	3.0
17655000	17740000	2.0
17660000	17740000	4.0
17665000	17740000	6.0
17670000	17740000	41.0
17675000	17740000	15.0
17680000	17740000	4.0
17685000	17740000	5.0
17690000	17740000	7.0
17695000	17740000	6.0
17700000	17740000	33.0
17705000	17740000	59.0
17710000	17740000	17.0
17715000	17740000	17.0
17720000	17740000	22.0
17725000	17740000	11.0
17730000	17740000	5.0
17735000	17740000	13.0
17740000	17740000	27.0
17610000	17745000	3.0
17615000	17745000	3.0
17625000	17745000	2.0
17630000	17745000	2.0
17635000	17745000	2.0
17640000	17745000	6.0
17645000	17745000	4.0
17650000	17745000	4.0
17655000	17745000	2.0
17665000	17745000	5.0
17670000	17745000	40.0
17675000	17745000	19.0
17680000	17745000	2.0
17685000	17745000	2.0
17690000	17745000	2.0
17695000	17745000	3.0
17700000	17745000	28.0
17705000	17745000	39.0
17710000	17745000	11.0
17715000	17745000	14.0
17720000	17745000	16.0
17725000	17745000	3.0
17730000	17745000	1.0
17735000	17745000	5.0
17740000	17745000	33.0
17745000	17745000	19.0
17600000	17750000	1.0
17605000	17750000	1.0
17615000	17750000	2.0
17620000	17750000	2.0
17625000	17750000	2.0
17630000	17750000	2.0
17635000	17750000	1.0
17645000	17750000	1.0
17660000	17750000	1.0
17665000	17750000	2.0
17670000	17750000	15.0
17675000	17750000	3.0
17685000	17750000	1.0
17690000	17750000	3.0
17695000	17750000	1.0
17700000	17750000	21.0
17705000	17750000	16.0
17710000	17750000	9.0
17715000	17750000	2.0
17720000	17750000	8.0
17725000	17750000	2.0
17730000	17750000	1.0
17740000	17750000	6.0
17745000	17750000	14.0
17750000	17750000	8.0
17610000	17755000	1.0
17615000	17755000	3.0
17620000	17755000	1.0
17630000	17755000	1.0
17635000	17755000	1.0
17645000	17755000	1.0
17655000	17755000	2.0
17670000	17755000	1.0
17675000	17755000	3.0
17690000	17755000	1.0
17700000	17755000	6.0
17705000	17755000	3.0
17715000	17755000	4.0
17720000	17755000	4.0
17725000	17755000	1.0
17735000	17755000	2.0
17740000	17755000	3.0
17745000	17755000	2.0
17750000	17755000	2.0
17755000	17755000	2.0
17640000	17760000	1.0
17670000	17760000	2.0
17685000	17760000	1.0
17700000	17760000	2.0
17705000	17760000	2.0
17750000	17760000	2.0
17760000	17760000	2.0
17655000	17765000	1.0
17670000	17765000	2.0
17700000	17765000	1.0
17720000	17765000	1.0
17740000	17765000	1.0
17745000	17765000	2.0
17750000	17765000	1.0
17620000	17770000	1.0
17640000	17770000	1.0
17670000	17770000	1.0
17700000	17770000	1.0
17705000	17770000	2.0
17715000	17770000	2.0
17720000	17770000	2.0
17745000	17770000	1.0
17750000	17770000	1.0
17770000	17770000	4.0
17635000	17775000	1.0
17655000	17775000	1.0
17670000	17775000	2.0
17700000	17775000	1.0
17705000	17775000	3.0
17710000	17775000	1.0
17715000	17775000	2.0
17740000	17775000	2.0
17750000	17775000	1.0
17765000	17775000	1.0
17770000	17775000	2.0
17775000	17775000	2.0
17600000	17780000	1.0
17610000	17780000	1.0
17670000	17780000	2.0
17680000	17780000	1.0
17685000	17780000	1.0
17690000	17780000	1.0
17700000	17780000	3.0
17705000	17780000	3.0
17710000	17780000	2.0
17715000	17780000	1.0
17720000	17780000	1.0
17735000	17780000	1.0
17740000	17780000	2.0
17750000	17780000	1.0
17755000	17780000	2.0
17765000	17780000	1.0
17770000	17780000	3.0
17775000	17780000	5.0
17780000	17780000	3.0
17625000	17785000	1.0
17670000	17785000	6.0
17700000	17785000	3.0
17705000	17785000	1.0
17710000	17785000	1.0
17715000	17785000	1.0
17720000	17785000	2.0
17740000	17785000	1.0
17775000	17785000	1.0
17780000	17785000	1.0
17785000	17785000	4.0
17655000	17790000	2.0
17670000	17790000	4.0
17675000	17790000	1.0
17700000	17790000	1.0
17705000	17790000	3.0
17715000	17790000	1.0
17765000	17790000	1.0
17770000	17790000	1.0
17785000	17790000	2.0
17790000	17790000	4.0
17610000	17795000	1.0
17630000	17795000	1.0
17665000	17795000	1.0
17700000	17795000	1.0
17705000	17795000	1.0
17715000	17795000	1.0
17780000	17795000	1.0
17785000	17795000	1.0
17790000	17795000	3.0
17655000	17800000	1.0
17670000	17800000	2.0
17685000	17800000	1.0
17705000	17800000	1.0
17710000	17800000	1.0
17745000	17800000	1.0
17775000	17800000	1.0
17785000	17800000	1.0
17790000	17800000	2.0
17800000	17800000	1.0
